1.0 0.0
0.99942968 0.00011023
0.99806302 0.00037083
0.99557391 0.00083241
0.99208631 0.00145022
0.98768615 0.00218013
0.98233053 0.00299129
0.97601191 0.00383468
0.96878747 0.00464119
0.96067486 0.00533587
0.95167536 0.00583098
0.94182765 0.00602152
0.9311753 0.00598316
0.9197304 0.00591079
0.90752456 0.00580237
0.89461041 0.00562495
0.8810097 0.00499301
0.86674791 0.00392751
0.85189026 0.00266078
0.83646946 0.00129944
0.82051349 -0.00037934
0.80407383 -0.00227707
0.78719153 -0.00431606
0.76989792 -0.00658557
0.75225234 -0.0090195
0.73429135 -0.01157816
0.71604493 -0.01429621
0.69757164 -0.0171003
0.67890619 -0.01998141
0.66008031 -0.02292943
0.64114752 -0.02587616
0.62213765 -0.02883232
0.603088 -0.03176071
0.58404504 -0.03463203
0.5650309 -0.03745228
0.5460886 -0.04016094
0.52724867 -0.04277118
0.50853595 -0.04525334
0.48999236 -0.0475589
0.47163212 -0.04973148
0.4534925 -0.05169858
0.4355933 -0.05345756
0.41795607 -0.05504926
0.40060975 -0.05637506
0.38356093 -0.05753822
0.36684322 -0.05851467
0.35045732 -0.05911871
0.33443448 -0.05951134
0.3187741 -0.05979396
0.30349962 -0.0599
0.28861129 -0.05979071
0.27412439 -0.05952368
0.26004146 -0.05917658
0.24637487 -0.05876538
0.23312344 -0.05815398
0.22029378 -0.05740565
0.20788328 -0.05659439
0.19590296 -0.05572731
0.18434125 -0.05473462
0.17321393 -0.05365676
0.16249918 -0.05252837
0.1522146 -0.05137666
0.14233176 -0.05016489
0.13287211 -0.04890008
0.12380644 -0.04759619
0.11514762 -0.04627091
0.10688721 -0.04493729
0.09900711 -0.04356097
0.0915234 -0.04211923
0.08439704 -0.04064356
0.07764648 -0.0391671
0.07124791 -0.03768452
0.06518787 -0.03618623
0.05948747 -0.03467722
0.05410025 -0.03315044
0.04903788 -0.03162833
0.04430035 -0.03011432
0.03984236 -0.0285961
0.03568998 -0.02708858
0.03182924 -0.02559658
0.02822001 -0.02410823
0.02489253 -0.02261566
0.02182867 -0.02111743
0.0189847 -0.01960492
0.01639219 -0.01810579
0.01404464 -0.01654474
0.01187983 -0.01495342
0.00993095 -0.01344959
0.00821941 -0.01189026
0.00665839 -0.01048754
0.00526774 -0.00925124
0.00409516 -0.00801724
0.00309879 -0.00670602
0.00219661 -0.00522514
0.00146264 -0.00376318
0.00096449 -0.00261818
0.00059937 -0.00169238
0.00029009 -0.00084685
7.81e-05 -0.00023318
0.0 0.0
7.8e-05 0.00031022
0.00028988 0.00181327
0.00059878 0.0052124
0.00096333 0.00988427
0.00145967 0.01467474
0.00219098 0.01666717
0.00308998 0.01803552
0.00408271 0.01952729
0.00524853 0.0212945
0.00663128 0.02322995
0.00818368 0.02516035
0.00988361 0.02707793
0.01181764 0.02911228
0.0139662 0.03121231
0.01629514 0.03332985
0.01886319 0.03551494
0.02168071 0.03778384
0.02471592 0.04010877
0.02800644 0.04250261
0.03157626 0.04496681
0.03539484 0.04746984
0.03949498 0.05002941
0.04389793 0.05266119
0.04857581 0.05532878
0.05356799 0.05802092
0.05888182 0.06073536
0.06450016 0.06346479
0.07046921 0.06624022
0.07677403 0.06904629
0.08341621 0.07185293
0.09042902 0.07463805
0.09779065 0.07737247
0.10553619 0.08013709
0.11365876 0.08292177
0.12216148 0.08570501
0.1310675 0.08846861
0.14035465 0.0911771
0.15005511 0.09382407
0.16014896 0.09643584
0.17065819 0.09899762
0.18157496 0.10147789
0.19290757 0.10384564
0.20465764 0.10610805
0.21681735 0.10829959
0.22939648 0.11037641
0.2423778 0.11228179
0.25577362 0.11402345
0.26956679 0.11567749
0.2837658 0.11715313
0.29834798 0.11833977
0.31331898 0.11943321
0.32865846 0.1203867
0.34436494 0.12088545
0.36041977 0.12087739
0.37681123 0.12079165
0.39352525 0.12064924
0.41053864 0.12026597
0.42784323 0.11927446
0.44540666 0.11798099
0.46322225 0.1165235
0.48125155 0.11466519
0.49948103 0.11256137
0.51787958 0.11021863
0.53641763 0.10757029
0.55507571 0.10471511
0.57380843 0.10161136
0.59259673 0.09827283
0.61140138 0.09475381
0.63018643 0.09101158
0.64892678 0.08711455
0.66757021 0.08310542
0.68608843 0.07896678
0.70444539 0.07474908
0.72259209 0.07045076
0.7405018 0.06610024
0.75812546 0.06176028
0.77542101 0.05742458
0.79236237 0.05312862
0.80889455 0.04892404
0.82497463 0.04480886
0.84057695 0.04080254
0.85565276 0.03693477
0.8701629 0.03320244
0.88408503 0.02962358
0.89736121 0.02623298
0.90995468 0.02305906
0.92185147 0.02010105
0.93301284 0.01733095
0.94338928 0.01473403
0.95297315 0.01229232
0.96174313 0.01004339
0.96964069 0.00800389
0.97666422 0.00617701
0.98281508 0.00456582
0.98802844 0.00319119
0.99230484 0.002057
0.99569352 0.0011538
0.99812049 0.0005044
0.99944304 0.00014961
1.0 0.0